zenodo/iron_goodz_density_hpix_nest_nside64.ecsv
# %ECSV 1.0
# ---
# datatype:
# - {name: healpix_number, datatype: int64}
# - {name: main_bright, datatype: float64}
# - {name: main_dark, datatype: float64}
# - {name: main_backup, datatype: float64}
# - {name: sv, datatype: float64}
# meta: !!omap
# - {HPXNSIDE: 64}
# - {HPXNEST: true}
# schema: astropy-2.0
healpix_number main_bright main_dark main_backup sv
[from data line 14914]
27565 498.0378469264246 698.2061681791503 0.0 0.0
27566 0.0 898.374489431876 0.0 0.0
27567 120.33928837217437 579.0583579096707 0.0 0.0
27568 738.7164236707733 991.3097814420701 0.0 0.0
27569 253.78483587399148 361.01786511652307 0.0 0.0
27570 517.1014965695414 904.3318799453499 0.0 0.0
27571 221.614927101232 638.6322630444105 0.0 0.0
27572 203.74275556081005 751.822682800416 0.0 0.0
27573 3.574434308084387 806.6306755243767 0.0 0.0
27574 0.0 559.994708266554 0.0 0.0
27575 0.0 691.0572995629815 0.0 0.0
27576 505.1867155425934 913.8637047669083 0.0 0.0
27577 150.12624093954426 595.7390513473979 0.0 0.0
27578 266.89109500363423 387.23038337580863 0.0 0.0
27579 235.91266433356955 302.6354380844781 0.0 0.0
27580 0.0 356.2519527057439 0.0 0.0
27581 0.0 529.0162775964893 0.0 0.0
27582 47.659124107791826 279.997354133277 0.0 0.0
27583 0.0 251.40187966860188 0.0 0.0
27584 160.8495438637974 890.0341427130123 134.6370256045119 431.31507317551603
27585 234.72118623087476 608.8453104770406 289.52917895483534 408.6769892243149
27586 0.0 557.6117520611643 371.74116804077624 308.59282859795206
27587 103.65859493444722 355.0604746030491 425.35768266204207 394.37925199197736
27588 605.2708761689562 327.65647824106884 187.0620621230829 371.74116804077624
27589 887.6511865076228 22.638083951201118 0.0 0.0
27590 495.65489072103503 207.31718986889445 420.59177025126286 150.12624093954426
27591 489.697500207561 499.2293250291194 135.82850370720672 0.0
27592 0.0 223.9978833066216 349.10308408957513 0.0
27593 0.0 0.0 400.3366425054514 0.0
27594 0.0 632.6748725309366 53.61651462126581 0.0
27595 0.0 4.765912410779182 307.4013504952573 0.0
27596 82.2119890859409 282.38031033866656 425.35768266204207 0.0
27597 227.57231761470598 464.6764600509703 244.25301105243312 0.0
27598 0.0 152.50919714493384 305.0183942898677 0.0
27599 0.0 468.2508943590547 33.36138687545428 0.0
27600 903.1404018426551 15.489215335032345 0.0 0.0
27601 83.4034671886357 0.0 0.0 0.0
27602 495.65489072103503 444.4213323051588 0.0 0.0
27603 3.574434308084387 110.807463550616 0.0 0.0
27606 0.0 123.91372268025876 0.0 0.0
27607 0.0 305.0183942898677 0.0 0.0
27608 64.33981754551897 426.5491607647369 0.0 0.0
27609 0.0 352.6775183976595 0.0 0.0
27610 0.0 419.4002921485681 0.0 0.0
27611 0.0 331.23091254915323 0.0 0.0
27612 0.0 439.65541989437963 0.0 0.0
27613 0.0 483.74010969408704 0.0 0.0
27614 0.0 433.6980293809056 0.0 0.0
27615 0.0 422.9747264566525 0.0 0.0
27616 0.0 666.0362594063907 0.0 0.0
27617 0.0 249.0189234632123 0.0 0.0
27618 0.0 909.0977923561292 0.0 0.0
27619 0.0 691.0572995629815 0.0 0.0
27621 0.0 78.63755477785652 0.0 0.0
27622 0.0 238.29562053895913 0.0 0.0
27623 0.0 39.31877738892826 0.0 0.0
27624 0.0 675.5680842279492 0.0 0.0
27625 0.0 682.7169528441179 0.0 0.0
27626 0.0 445.6128104078536 0.0 0.0
27627 0.0 810.2051098324611 0.0 0.0
27628 0.0 825.6943251674934 0.0 0.0
27629 0.0 468.2508943590547 0.0 0.0
27630 0.0 632.6748725309366 0.0 0.0
27631 0.0 433.6980293809056 0.0 0.0
27632 0.0 295.4865694683093 0.0 0.0
27633 0.0 369.35821183538667 0.0 0.0
27634 0.0 391.9962957865878 0.0 0.0
27635 0.0 443.229854202464 0.0 0.0
27636 0.0 321.6990877275948 0.0 0.0
27637 0.0 364.59229942460746 0.0 0.0
27638 0.0 446.80428851054836 0.0 0.0
27639 0.0 169.18989058266098 0.0 0.0
27640 0.0 477.78271918061307 0.0 0.0
27641 0.0 412.2514235323993 0.0 0.0
27642 0.0 369.35821183538667 0.0 0.0
27643 0.0 322.89056583028963 0.0 0.0
27644 0.0 473.01680676983386 0.0 0.0
27645 0.0 381.2729928623346 0.0 0.0
27646 0.0 303.8269161871729 0.0 0.0
27647 0.0 109.6159854479212 0.0 0.0
27648 1439.3055480553132 2099.38441694823 176.33875919882976 7711.246280640718
27649 1544.1556210924552 2313.850475433293 299.0610037763937 3496.988231409225
27650 1409.5185954879432 2151.809453466801 347.9116059868803 6716.3620648905635
27651 1564.4107488382667 2275.72317614706 439.65541989437963 1034.2029931390825
27652 907.9063142534343 2080.3207673051133 338.37978116532196 0.0
27653 924.5870076911615 2297.169781995566 285.95474464675095 0.0
27654 1149.776369100478 2306.7016068171247 449.187244715938 0.0
27655 794.7158944974287 2303.12717250904 402.71959871084096 0.0
27656 1204.5843618244385 2254.2765702985535 262.125182592855 366.9752556299971
27657 975.8205661070376 2147.0435410560217 364.59229942460746 0.0
27658 1012.7563872905763 2195.8941432665083 291.9121351602249 0.0
27659 725.6101645411305 2002.8746906299516 121.53076647486917 0.0
27660 1037.7774274471672 2382.9562053895916 405.10255491623053 0.0
27661 835.2261499890518 2404.402811238098 438.4639417916848 0.0
27662 845.949452913305 2291.2123914820922 277.6143979278874 0.0
27663 780.4181572650912 2157.766843980275 335.9968249599324 0.0
27664 476.59124107791826 2343.637428000663 332.422390651848 0.0
27665 506.37819364528815 2095.809982640146 346.72012788418556 0.0
27666 123.91372268025876 2129.1713695156 153.70067524762865 0.0
27667 0.0 1961.1729570356338 439.65541989437963 0.0
27668 476.59124107791826 2137.5117162344636 144.1688504260703 0.0
27669 486.12306589947667 2201.851533779982 419.4002921485681 0.0
27670 15.489215335032345 1986.1939971922245 459.9105476401911 0.0
27671 21.446605848506323 1618.0272634595326 289.52917895483534 0.0
27672 327.65647824106884 2032.6616431973214 346.72012788418556 0.0
27673 0.0 1806.2808036853103 437.27246368899 0.0
27674 444.4213323051588 2197.085621369203 75.06312046977213 0.0
27675 13.106259129642753 1778.87680732333 370.5496899380815 0.0
27676 0.0 1526.2834495520333 384.847427170419 0.0
27677 0.0 1115.2235041223287 420.59177025126286 0.0
27678 0.0 1558.4533583247928 405.10255491623053 0.0
27679 0.0 1108.07463550616 401.52812060814614 0.0
27680 1174.7974092570685 2234.021442552742 417.01733594317847 0.0
27681 650.5470440713584 2218.5322272177095 339.5712592680168 0.0
27682 1097.351332581907 2325.7652564602413 390.80481768389296 0.0
27683 558.8032301638592 2396.0624645192343 442.0383760997692 0.0
27684 536.1651462126581 2225.6810958338783 196.5938869446413 0.0
27685 438.4639417916848 2359.1266433356955 455.14463522941196 0.0
27686 265.6996169009394 2142.2776286452427 320.50760962490006 0.0
27687 413.44290163509413 2209.000402396151 413.44290163509413 0.0
27688 843.5664967079153 2247.1277016823847 312.16726290603646 0.0
27689 464.6764600509703 2317.4249097413776 207.31718986889445 0.0
27690 523.0588870830153 2183.9793622395605 10.723302924253161 0.0
27691 204.93423366350487 2263.808395120112 0.0 0.0
27692 0.0 2086.2781578185873 114.38189785870038 0.0
27693 0.0 2101.7673731536197 428.93211697012646 0.0
27694 0.0 2168.490146904528 0.0 0.0
27695 0.0 1874.1950555389137 35.74434308084387 0.0
27696 505.1867155425934 2137.5117162344636 413.44290163509413 0.0
27697 77.44607667516172 1544.1556210924552 126.29667888564835 0.0
27698 287.14622274944577 1988.576953397614 376.50708045155545 0.0
27699 1.1914781026947956 1690.707427723915 327.65647824106884 0.0
27700 0.0 1427.3907670283652 226.3808395120112 0.0
27701 0.0 747.0567703896369 308.59282859795206 0.0
27702 0.0 1214.1161866459968 419.4002921485681 0.0
27703 0.0 486.12306589947667 419.4002921485681 0.0
27704 0.0 1865.85470882005 397.95368630006175 0.0
27705 0.0 1482.198759752326 281.1888322359718 0.0
27706 0.0 1859.8973183065762 117.95633216678478 0.0
27707 0.0 1187.9036683867114 15.489215335032345 0.0
27708 0.0 955.5654383612261 400.3366425054514 0.0
27709 0.0 832.8431937836622 382.4644709650294 0.0
27710 0.0 893.6085770210967 77.44607667516172 0.0
27711 0.0 730.3760769519098 352.6775183976595 0.0
27712 76.25459857246692 2300.7442163036503 414.6343797377889 0.0
27713 0.0 1858.7058402038813 430.1235950728213 0.0
27714 0.0 1959.981478932939 197.7853650473361 0.0
27715 0.0 1161.6911501274258 71.48868616168774 0.0
27716 0.0 669.6106937144751 288.3377008521406 0.0
27717 0.0 0.0 408.6769892243149 0.0
27718 0.0 899.5659675345707 86.97790149672008 0.0
27719 0.0 44.08468979970744 378.89003665694503 0.0
27720 0.0 1210.5417523379124 36.935821183538664 0.0
27721 0.0 849.5238872213894 0.0 0.0
27722 0.0 169.18989058266098 19.06364964311673 0.0
27723 0.0 158.46658765840783 0.0 0.0
27724 0.0 639.8237411471052 0.0 0.0
27725 0.0 33.36138687545428 8.34034671886357 0.0
27726 0.0 63.148339442824174 0.0 0.0
27728 312.16726290603646 0.0 382.4644709650294 0.0
27729 501.612281234509 0.0 319.31613152220524 0.0
27730 144.1688504260703 0.0 439.65541989437963 0.0
27731 519.4844527749309 0.0 202.55127745811527 0.0
27732 432.50655127821085 0.0 0.0 0.0
27733 399.14516440275656 0.0 0.0 0.0
27734 484.93158779678186 0.0 0.0 0.0
27735 326.465000138374 0.0 0.0 0.0
27736 0.0 0.0 52.42503651857101 0.0
27737 73.87164236707733 0.0 0.0 0.0
27740 198.97684315003087 0.0 0.0 0.0
27741 41.70173359431785 0.0 0.0 0.0
27744 0.0 350.29456219226995 116.76485406408997 0.0
27746 0.0 496.8463688237298 375.31560234886064 0.0
27747 0.0 86.97790149672008 94.12677011288886 0.0
27751 1.1914781026947956 0.0 0.0 0.0
27752 0.0 550.4628834449956 434.8895074836004 0.0
27753 0.0 474.2082848725287 193.0194526365569 0.0
27754 0.0 732.7590331572993 309.7843067006469 0.0
27755 0.0 399.14516440275656 36.935821183538664 0.0
27756 0.0 151.31771904223905 0.0 0.0
27757 122.72224457756396 0.0 0.0 0.0
27758 0.0 333.6138687545428 0.0 0.0
27759 67.91425185360336 0.0 0.0 0.0
27762 300.2524818790885 0.0 0.0 0.0
27763 389.6133395811982 0.0 0.0 0.0
27766 139.40293801529108 0.0 0.0 0.0
27768 515.9100184668465 0.0 0.0 0.0
27769 461.1020257428859 0.0 0.0 0.0
27770 501.612281234509 0.0 0.0 0.0
27771 450.37872281863275 0.0 0.0 0.0
27772 462.29350384558074 0.0 0.0 0.0
27773 28.595474464675096 231.14675192279037 0.0 0.0
27774 521.8674089803205 33.36138687545428 0.0 0.0
27775 86.97790149672008 444.4213323051588 0.0 0.0
27776 237.10414243626434 1771.7279387071612 57.19094892935019 0.0
27777 4.765912410779182 1664.4949094646297 0.0 0.0
27778 0.0 1372.5827743044047 0.0 0.0
27779 0.0 1305.860000553496 0.0 0.0
27780 0.0 1572.7510955571304 0.0 0.0
27781 0.0 1644.239781718818 0.0 0.0
27782 0.0 1408.3271173852486 0.0 0.0
27783 0.0 1531.0493619628126 0.0 0.0
27784 0.0 819.7369346540195 0.0 0.0
27785 0.0 444.4213323051588 0.0 0.0
27786 198.97684315003087 150.12624093954426 0.0 0.0
27787 0.0 92.93529201019406 0.0 0.0
27788 0.0 587.3987046285342 0.0 0.0
27789 0.0 508.7611498506778 0.0 0.0
27790 0.0 449.187244715938 0.0 0.0
27791 0.0 453.95315712671714 0.0 0.0
27792 0.0 1165.2655844355102 0.0 0.0
27793 0.0 758.9715514165848 0.0 0.0
27794 0.0 626.7174820174625 0.0 0.0
27795 0.0 552.8458396503852 0.0 0.0
27796 0.0 573.1009673961968 0.0 0.0
27797 0.0 500.4208031318142 0.0 0.0
27798 0.0 457.52759143480154 0.0 0.0
27799 0.0 433.6980293809056 0.0 0.0
27800 0.0 569.5265330881124 0.0 0.0
27801 0.0 518.2929746722361 0.0 0.0
27802 0.0 276.4229198251926 0.0 0.0
27803 0.0 428.93211697012646 0.0 0.0
27804 0.0 453.95315712671714 0.0 0.0
27805 0.0 428.93211697012646 0.0 0.0
27806 0.0 402.71959871084096 0.0 0.0
27807 0.0 462.29350384558074 0.0 0.0
27808 469.4423724617495 107.23302924253161 0.0 0.0
27809 70.29720805899295 0.0 0.0 0.0
27810 536.1651462126581 471.8253286671391 0.0 81.02051098324611
27811 137.0199818099015 246.6359672578227 0.0 144.1688504260703
27812 0.0 22.638083951201118 0.0 0.0
27813 0.0 296.67804757100413 0.0 0.0
27814 91.74381390749927 2.382956205389591 0.0 21.446605848506323
27815 357.44343080843873 452.7616790240224 0.0 0.0
27816 256.16779207938106 403.9110768135357 0.0 389.6133395811982
27817 2.382956205389591 445.6128104078536 0.0 337.1883030626272
27818 278.80587603058217 439.65541989437963 0.0 369.35821183538667
27819 0.0 391.9962957865878 0.0 266.89109500363423
27820 362.2093432192179 20.255127745811528 0.0 241.87005484704352
27821 525.4418432884049 394.37925199197736 0.0 0.0
27822 308.59282859795206 4.765912410779182 0.0 81.02051098324611
27823 482.5486315913923 51.23355841587622 0.0 2.382956205389591
27824 0.0 391.9962957865878 0.0 0.0
27825 0.0 320.50760962490006 0.0 0.0
27826 269.2740512090238 419.4002921485681 0.0 0.0
27827 13.106259129642753 456.3361133321068 0.0 0.0
27828 0.0 341.95421547340635 0.0 0.0
27829 0.0 302.6354380844781 0.0 0.0
27830 0.0 147.74328473415466 0.0 0.0
27832 473.01680676983386 449.187244715938 0.0 0.0
27833 223.9978833066216 463.4849819482755 0.0 0.0
27834 477.78271918061307 281.1888322359718 0.0 0.0
27835 384.847427170419 247.82744536051752 0.0 0.0
27836 0.0 198.97684315003087 0.0 0.0
27838 0.0 21.446605848506323 0.0 0.0
27839 0.0 9.531824821558365 0.0 0.0
27840 0.0 776.8437229570068 0.0 0.0
27841 0.0 470.6338505644443 0.0 0.0
27842 0.0 94.12677011288886 0.0 0.0
27843 0.0 38.12729928623346 0.0 0.0
27844 0.0 197.7853650473361 0.0 0.0
27848 0.0 107.23302924253161 0.0 0.0
27850 0.0 204.93423366350487 0.0 0.0
27856 141.7858942206807 0.0 0.0 0.0
27857 357.44343080843873 0.0 0.0 0.0
27860 210.89162417697884 3.574434308084387 0.0 0.0
27861 0.0 420.59177025126286 0.0 0.0
27863 0.0 58.38242703204499 0.0 0.0
27868 0.0 4.765912410779182 0.0 0.0
27869 0.0 190.6364964311673 0.0 0.0
27870 0.0 179.91319350691415 0.0 0.0
27871 0.0 480.16567538600265 0.0 0.0
27872 0.0 21.446605848506323 0.0 0.0
27873 0.0 2.382956205389591 0.0 0.0
27874 0.0 13.106259129642753 0.0 0.0
27875 0.0 361.01786511652307 0.0 0.0
27876 0.0 39.31877738892826 0.0 0.0
27878 0.0 486.12306589947667 0.0 0.0
27879 0.0 308.59282859795206 0.0 0.0
27880 0.0 70.29720805899295 0.0 0.0
27881 0.0 463.4849819482755 0.0 0.0
27882 0.0 101.27563872905763 0.0 0.0
27883 0.0 405.10255491623053 0.0 0.0
27884 0.0 406.29403301892535 0.0 0.0
27885 0.0 442.0383760997692 26.212518259285506 0.0
27886 0.0 455.14463522941196 0.0 0.0
27887 0.0 464.6764600509703 291.9121351602249 0.0
27890 0.0 4.765912410779182 0.0 0.0
27892 0.0 196.5938869446413 0.0 0.0
27893 0.0 475.3997629752235 0.0 0.0
27894 0.0 15.489215335032345 0.0 0.0
27895 0.0 313.3587410087313 0.0 0.0
27896 0.0 109.6159854479212 152.50919714493384 0.0
27897 0.0 0.0 75.06312046977213 0.0
27898 0.0 75.06312046977213 401.52812060814614 0.0
27899 0.0 0.0 414.6343797377889 0.0
27902 0.0 0.0 103.65859493444722 0.0
27905 1.1914781026947956 0.0 0.0 0.0
27907 111.9989416533108 0.0 0.0 0.0
27908 337.1883030626272 0.0 0.0 0.0
27909 450.37872281863275 0.0 0.0 0.0
27910 488.50602210486625 0.0 0.0 0.0
27911 444.4213323051588 0.0 0.0 0.0
27913 54.8079927239606 0.0 0.0 0.0
27916 498.0378469264246 0.0 0.0 0.0
27917 465.86793815366514 0.0 0.0 0.0
27918 94.12677011288886 0.0 0.0 0.0
27919 284.7632665440562 0.0 0.0 0.0
27920 191.82797453386212 0.0 0.0 0.0
27922 480.16567538600265 0.0 0.0 0.0
27923 215.65753658775802 0.0 0.0 0.0
27924 59.57390513473978 0.0 0.0 0.0
27925 53.61651462126581 0.0 0.0 0.0
27926 519.4844527749309 0.0 0.0 0.0
27927 506.37819364528815 0.0 0.0 0.0
27928 477.78271918061307 0.0 0.0 0.0
27929 335.9968249599324 0.0 0.0 0.0
27930 154.89215335032344 0.0 0.0 0.0
27931 104.85007303714202 0.0 0.0 0.0
27932 477.78271918061307 0.0 0.0 0.0
27933 425.35768266204207 0.0 0.0 0.0
27934 478.9741972833079 0.0 0.0 0.0
27935 474.2082848725287 0.0 0.0 0.0
27944 0.0 411.0599454297045 0.0 0.0
27945 140.5944161179859 257.3592701820759 0.0 0.0
27946 0.0 409.86846732700974 0.0 0.0
27947 431.31507317551603 447.9957666132432 0.0 0.0
27948 364.59229942460746 1.1914781026947956 0.0 0.0
27949 246.6359672578227 0.0 0.0 0.0
27950 476.59124107791826 114.38189785870038 0.0 0.0
27951 477.78271918061307 0.0 0.0 0.0
27956 36.935821183538664 0.0 0.0 0.0
27957 119.14781026947956 0.0 0.0 0.0
27962 172.76432489074537 0.0 0.0 0.0
27969 0.0 0.0 0.0 36.935821183538664
27970 167.9984124799662 0.0 0.0 0.0
27971 0.0 0.0 0.0 117.95633216678478
27972 0.0 0.0 0.0 425.35768266204207
27973 0.0 0.0 0.0 681.5254747414232
27974 0.0 0.0 0.0 451.57020092132757
27975 0.0 0.0 0.0 556.4202739584696
27976 420.59177025126286 0.0 0.0 0.0
27977 0.0 0.0 0.0 16.68069343772714
27978 276.4229198251926 0.0 0.0 0.0
27980 0.0 0.0 0.0 322.89056583028963
27981 0.0 0.0 0.0 555.2287958557748
27982 0.0 0.0 0.0 2.382956205389591
27983 0.0 0.0 0.0 60.765383237434584
27984 154.89215335032344 0.0 0.0 571.9094892935019
27985 365.7837775273023 0.0 0.0 218.04049279314762
