zenodo/iron_goodz_density_hpix_nest_nside64.ecsv
# %ECSV 1.0
# ---
# datatype:
# - {name: healpix_number, datatype: int64}
# - {name: main_bright, datatype: float64}
# - {name: main_dark, datatype: float64}
# - {name: main_backup, datatype: float64}
# - {name: sv, datatype: float64}
# meta: !!omap
# - {HPXNSIDE: 64}
# - {HPXNEST: true}
# schema: astropy-2.0
healpix_number main_bright main_dark main_backup sv
[from data line 9600]
18000 1119.989416533108 592.1646170393135 0.0 0.0
18001 1341.60434363434 1159.3081939220363 0.0 0.0
18002 716.0783397195722 1104.5002011980755 0.0 0.0
18003 1078.28768293879 1017.5222997013556 0.0 0.0
18004 1632.3250006918702 1116.4149822250236 0.0 0.0
18005 1402.3697268717744 1339.2213874289503 0.0 0.0
18006 1472.6669349307674 1067.564380014537 0.0 0.0
18007 1318.9662596831388 1035.3944712417774 0.0 0.0
18008 461.1020257428859 1545.3470991951501 0.0 0.0
18009 555.2287958557748 937.6932668208042 0.0 0.0
18010 476.59124107791826 1347.561734147814 0.0 0.0
18011 550.4628834449956 793.524416394734 0.0 0.0
18012 1104.5002011980755 593.3560951420083 0.0 0.0
18013 1271.307135575347 511.14410605606736 8.34034671886357 0.0
18014 778.0352010597015 71.48868616168774 14.297737232337548 0.0
18015 1242.711661110672 0.0 372.93264614347106 0.0
18016 299.0610037763937 521.8674089803205 0.0 0.0
18017 691.0572995629815 1072.3302924253162 0.0 0.0
18018 629.1004382228522 607.6538323743458 0.0 0.0
18019 837.6091061944413 1134.2871537654455 0.0 0.0
18020 810.2051098324611 1382.114599125963 0.0 0.0
18021 891.2256208157072 1118.797938430413 0.0 0.0
18022 880.502317891454 1598.9636138164158 0.0 0.0
18023 944.842135436973 1247.4775735214512 0.0 0.0
18024 543.3140148288269 735.141989362689 0.0 0.0
18025 782.8011134704808 1221.2650552621656 0.0 0.0
18026 1171.222974948984 869.7790149672009 0.0 0.0
18027 929.3529201019406 669.6106937144751 0.0 0.0
18028 845.949452913305 1222.4565333648604 0.0 0.0
18029 890.0341427130123 899.5659675345707 0.0 0.0
18030 916.246660972298 1396.4123363583005 0.0 0.0
18031 571.9094892935019 1142.6275004843092 0.0 0.0
18032 816.1625003459351 855.4812777348633 0.0 0.0
18033 595.7390513473979 303.8269161871729 0.0 0.0
18034 693.4402557683711 710.1209492060982 0.0 0.0
18035 549.2714053423008 374.1241242461658 0.0 0.0
18036 480.16567538600265 0.0 63.148339442824174 0.0
18037 1059.2240332956733 60.765383237434584 413.44290163509413 0.0
18038 474.2082848725287 324.08204393298445 4.765912410779182 0.0
18039 767.3118981354485 636.2493068390208 335.9968249599324 0.0
18040 608.8453104770406 767.3118981354485 0.0 0.0
18041 919.8210952803822 781.6096353677859 0.0 0.0
18042 315.74169721412085 1105.6916793007704 0.0 0.0
18043 823.3113689621039 751.822682800416 0.0 0.0
18044 922.2040514857719 1161.6911501274258 0.0 0.0
18045 830.4602375782727 1310.6259129642754 4.765912410779182 0.0
18046 505.1867155425934 1104.5002011980755 0.0 0.0
18047 809.0136317297663 1623.9846539730065 0.0 0.0
18048 17.872171540421935 0.0 0.0 0.0
18049 42.893211697012646 164.4239781718818 0.0 0.0
18050 506.37819364528815 166.8069343772714 0.0 0.0
18051 519.4844527749309 152.50919714493384 0.0 0.0
18052 0.0 769.694854340838 0.0 0.0
18053 0.0 857.8642339402529 0.0 0.0
18054 254.97631397668627 735.141989362689 0.0 0.0
18055 55.9994708266554 793.524416394734 0.0 0.0
18056 498.0378469264246 478.9741972833079 0.0 0.0
18057 388.4218614785034 177.53023730152455 0.0 0.0
18058 417.01733594317847 918.6296171776875 0.0 0.0
18059 481.35715348869746 405.10255491623053 0.0 0.0
18060 262.125182592855 811.3965879351558 0.0 0.0
18061 308.59282859795206 1226.0309676729448 0.0 0.0
18062 338.37978116532196 476.59124107791826 0.0 0.0
18063 279.997354133277 1125.9468070465819 0.0 0.0
18064 0.0 651.7385221740533 0.0 0.0
18065 88.16937959941488 91.74381390749927 0.0 0.0
18066 283.5717884413614 978.2035223124273 0.0 0.0
18067 227.57231761470598 353.86899650035434 0.0 0.0
18068 791.1414601893443 800.6732850109028 0.0 0.0
18069 1262.9667888564834 839.992062399831 0.0 0.0
18070 559.994708266554 573.1009673961968 0.0 0.0
18071 873.3534492752852 677.9510404333388 0.0 0.0
18072 513.527062261457 1283.2219166022949 0.0 0.0
18073 508.7611498506778 811.3965879351558 0.0 0.0
18074 511.14410605606736 1422.6248546175862 0.0 0.0
18075 446.80428851054836 1036.5859493444723 0.0 0.0
18076 313.3587410087313 575.4839236015863 0.0 0.0
18077 576.6754017042812 853.0983215294738 0.0 0.0
18078 430.1235950728213 977.0120442097325 0.0 0.0
18079 588.5901827312291 1167.6485406408997 0.0 0.0
18080 175.14728109613498 682.7169528441179 0.0 0.0
18081 191.82797453386212 515.9100184668465 0.0 0.0
18082 997.267171955544 822.119890859409 0.0 0.0
18083 577.8668798069759 865.0131025564217 0.0 0.0
18084 65.53129564821376 992.5012595447648 0.0 0.0
18085 11.914781026947956 1315.3918253750544 0.0 0.0
18086 69.10572995629815 993.6927376474596 0.0 0.0
18087 183.48762781499855 1346.370256045119 0.0 0.0
18088 866.2045806591165 620.7600915039885 0.0 0.0
18089 781.6096353677859 648.1640878659689 0.0 0.0
18090 890.0341427130123 879.3108397887593 0.0 0.0
18091 737.5249455680786 399.14516440275656 0.0 0.0
18092 374.1241242461658 1135.4786318681404 0.0 0.0
18093 498.0378469264246 1283.2219166022949 0.0 0.0
18094 277.6143979278874 851.9068434267789 0.0 0.0
18095 512.3355841587621 948.4165697450574 0.0 0.0
18096 333.6138687545428 1455.9862414930403 0.0 0.0
18097 445.6128104078536 1084.245073452264 0.0 0.0
18098 324.08204393298445 1332.0725188127815 0.0 0.0
18099 424.16620455934725 697.0146900764555 0.0 0.0
18100 256.16779207938106 857.8642339402529 0.0 0.0
18101 473.01680676983386 949.6080478477521 0.0 0.0
18102 531.3992338018788 340.7627373707116 0.0 0.0
18103 586.2072265258395 641.0152192498001 0.0 0.0
18104 505.1867155425934 1681.1756029023568 0.0 0.0
18105 837.6091061944413 974.6290880043429 0.0 0.0
18106 474.2082848725287 1148.584890997783 0.0 0.0
18107 701.7806024872347 990.1183033393752 0.0 0.0
18108 557.6117520611643 533.7821900072685 0.0 0.0
18109 774.4607667516173 139.40293801529108 0.0 0.0
18110 853.0983215294738 529.0162775964893 0.0 0.0
18111 924.5870076911615 403.9110768135357 0.0 0.0
18112 1376.157208612489 1190.286624592101 0.0 0.0
18113 1004.4160405717128 620.7600915039885 0.0 0.0
18114 1005.6075186744075 742.2908579788577 0.0 0.0
18115 875.7364054806749 446.80428851054836 0.0 0.0
18116 617.1856571959041 785.1840696758703 0.0 0.0
18117 643.3981754551896 838.8005842971362 0.0 0.0
18118 592.1646170393135 642.2066973524949 0.0 0.0
18119 907.9063142534343 844.7579748106101 0.0 0.0
18120 704.1635586926243 950.799525950447 0.0 0.0
18121 434.8895074836004 402.71959871084096 0.0 0.0
18122 935.3103106154147 1016.3308215986607 0.0 0.0
18123 874.54492737798 712.5039054114878 0.0 0.0
18124 137.0199818099015 101.27563872905763 0.0 0.0
18125 822.119890859409 260.93370449016027 0.0 0.0
18126 369.35821183538667 182.29614971230373 0.0 0.0
18127 639.8237411471052 16.68069343772714 0.0 0.0
18128 646.972609763274 892.417098918402 0.0 0.0
18129 369.35821183538667 895.9915332264864 0.0 0.0
18130 857.8642339402529 732.7590331572993 0.0 0.0
18131 455.14463522941196 443.229854202464 0.0 0.0
18132 231.14675192279037 1049.692208474115 0.0 0.0
18133 194.2109307392517 1497.6879750873582 0.0 0.0
18134 75.06312046977213 476.59124107791826 0.0 0.0
18135 0.0 1097.351332581907 0.0 0.0
18136 692.2487776656762 250.2104015659071 0.0 0.0
18137 662.4618250983065 269.2740512090238 0.0 0.0
18138 1166.457062538205 517.1014965695414 0.0 0.0
18139 1168.8400187435946 545.6969710342164 0.0 0.0
18140 206.12571176619966 391.9962957865878 0.0 0.0
18141 0.0 893.6085770210967 0.0 0.0
18142 458.71906953749635 615.9941790932094 0.0 0.0
18143 84.59494529133049 919.8210952803822 0.0 0.0
18144 837.6091061944413 1055.649598987589 0.0 0.0
18145 917.4381390749927 891.2256208157072 0.0 0.0
18146 726.8016426438254 563.5691425746384 0.0 0.0
18147 605.2708761689562 538.5481024180476 0.0 0.0
18148 731.5675550546046 252.5933577712967 0.0 0.0
18149 517.1014965695414 424.16620455934725 0.0 0.0
18150 458.71906953749635 166.8069343772714 0.0 0.0
18151 312.16726290603646 841.1835405025257 0.0 0.0
18152 658.8873907902221 179.91319350691415 0.0 0.0
18153 212.08310227967362 447.9957666132432 0.0 0.0
18154 539.7395805207425 294.29509136561455 0.0 0.0
18155 461.1020257428859 991.3097814420701 0.0 0.0
18156 90.55233580480447 913.8637047669083 0.0 0.0
18157 165.61545627457662 1205.7758399271333 0.0 0.0
18158 270.4655293117186 1696.664818237389 0.0 0.0
18159 523.0588870830153 1515.5601466277801 0.0 0.0
18160 691.0572995629815 1147.3934128950882 0.0 0.0
18161 878.1193616860644 1316.5833034777493 0.0 0.0
18162 644.5896535578845 1141.4360223816143 0.0 0.0
18163 758.9715514165848 1572.7510955571304 0.0 0.0
18164 542.122536726132 960.3313507720053 0.0 0.0
18165 369.35821183538667 794.7158944974287 0.0 0.0
18166 443.229854202464 1174.7974092570685 0.0 0.0
18167 190.6364964311673 982.9694347232064 0.0 0.0
18168 119.14781026947956 1253.434964034925 0.0 0.0
18169 4.765912410779182 1659.7289970538504 0.0 0.0
18170 468.2508943590547 1509.6027561143062 0.0 0.0
18171 141.7858942206807 1274.8815698834314 0.0 0.0
18172 16.68069343772714 1259.392354548399 0.0 0.0
18173 0.0 805.4391974216819 0.0 0.0
18174 148.93476283684947 1059.2240332956733 0.0 0.0
18175 315.74169721412085 1085.436551554959 0.0 0.0
18176 1316.5833034777493 1203.3928837217436 20.255127745811528 0.0
18177 1589.4317889948575 1019.9052559067451 309.7843067006469 0.0
18178 1316.5833034777493 912.6722266642136 77.44607667516172 0.0
18179 1728.8347270101485 782.8011134704808 415.8258578404837 0.0
18180 1429.773723233755 619.5686134012938 372.93264614347106 0.0
18181 654.1214783794428 200.1683212527257 293.10361326291974 0.0
18182 1473.8584130334623 465.86793815366514 382.4644709650294 0.0
18183 829.2687594755778 251.40187966860188 400.3366425054514 0.0
18184 1298.7111319373273 612.419744785125 72.68016426438254 0.0
18185 1183.1377559759321 507.56967174798297 395.5707300946722 0.0
18186 1274.8815698834314 57.19094892935019 437.27246368899 0.0
18187 824.5028470647986 154.89215335032344 303.8269161871729 0.0
18188 1052.0751646795045 446.80428851054836 395.5707300946722 0.0
18189 737.5249455680786 198.97684315003087 444.4213323051588 0.0
18190 364.59229942460746 333.6138687545428 249.0189234632123 0.0
18191 268.08257310632905 413.44290163509413 185.87058402038812 0.0
18192 517.1014965695414 969.8631755935637 372.93264614347106 0.0
18193 447.9957666132432 926.969963896551 279.997354133277 0.0
18194 614.8027009905146 1068.7558581172318 44.08468979970744 0.0
18195 891.2256208157072 969.8631755935637 0.0 0.0
18196 206.12571176619966 669.6106937144751 2.382956205389591 1.1914781026947956
18197 617.1856571959041 15.489215335032345 0.0 345.52864978149074
18198 660.0788688929168 646.972609763274 0.0 0.0
18199 376.50708045155545 384.847427170419 0.0 0.0
18200 739.9079017734681 534.9736681099632 95.31824821558365 0.0
18201 861.4386682483373 785.1840696758703 0.0 0.0
18202 536.1651462126581 809.0136317297663 0.0 0.0
18203 713.6953835141826 1037.7774274471672 0.0 0.0
18204 795.9073726001235 844.7579748106101 0.0 0.0
18205 798.2903288055131 415.8258578404837 0.0 0.0
18206 785.1840696758703 931.7358763073303 0.0 0.0
18207 775.652244854312 467.0594162563599 0.0 0.0
18208 1048.50073037142 517.1014965695414 374.1241242461658 0.0
18209 753.0141609031109 698.2061681791503 407.4855111216201 0.0
18210 965.0972631827846 1079.479161041485 419.4002921485681 0.0
18211 775.652244854312 1264.1582669591783 418.2088140458733 0.0
18212 110.807463550616 888.8426646103176 98.89268252366804 0.0
18213 0.0 1067.564380014537 0.0 0.0
18214 86.97790149672008 1340.4128655316451 71.48868616168774 0.0
18215 76.25459857246692 1156.9252377166465 0.0 0.0
18216 551.6543615476904 1634.7079568972597 160.8495438637974 0.0
18217 573.1009673961968 1529.8578838601177 322.89056583028963 0.0
18218 825.6943251674934 1763.3875919882976 185.87058402038812 0.0
18219 973.4376099016481 1771.7279387071612 457.52759143480154 0.0
18220 455.14463522941196 1464.326588211904 240.67857674434873 0.0
18221 615.9941790932094 1191.4781026947958 41.70173359431785 0.0
18222 789.9499820866496 1094.9683763765172 413.44290163509413 0.0
18223 932.927354410025 1031.820036933693 288.3377008521406 0.0
18224 5.957390513473978 1511.9857123196957 0.0 0.0
18225 231.14675192279037 1476.2413692388518 0.0 0.0
18226 159.65806576110262 1828.9188876365115 0.0 0.0
18227 507.56967174798297 2118.4480665913466 0.0 0.0
18228 540.9310586234373 1233.1798362891136 0.0 0.0
18229 400.3366425054514 897.1830113291811 0.0 0.0
18230 483.74010969408704 1790.7915883502778 0.0 0.0
18231 481.35715348869746 1372.5827743044047 0.0 0.0
18232 950.799525950447 1322.5406939912232 0.0 0.0
18233 1146.2019347923936 1659.7289970538504 0.0 0.0
18234 1043.734817960641 1021.09673400944 0.0 0.0
18235 1236.754270597198 1170.0314968462894 0.0 0.0
18236 805.4391974216819 1440.4970261580079 0.0 0.0
18237 785.1840696758703 985.352390928596 0.0 0.0
18238 1313.0088691696649 806.6306755243767 0.0 0.0
18239 1118.797938430413 542.122536726132 0.0 0.0
18240 540.9310586234373 689.8658214602867 0.0 256.16779207938106
18241 832.8431937836622 875.7364054806749 0.0 439.65541989437963
18242 551.6543615476904 915.0551828696031 0.0 138.2114599125963
18243 430.1235950728213 1094.9683763765172 0.0 252.5933577712967
18244 750.6312046977213 1227.2224457756395 0.0 177.53023730152455
18245 917.4381390749927 1682.3670810050514 0.0 0.0
18246 482.5486315913923 1531.0493619628126 0.0 19.06364964311673
18247 507.56967174798297 1946.8752198032962 0.0 0.0
18248 513.527062261457 887.6511865076228 0.0 0.0
18249 515.9100184668465 962.7143069773949 0.0 0.0
18250 433.6980293809056 593.3560951420083 0.0 0.0
18251 478.9741972833079 890.0341427130123 0.0 0.0
18252 179.91319350691415 1199.8184494136592 0.0 0.0
18253 88.16937959941488 1439.3055480553132 0.0 0.0
18254 309.7843067006469 1146.2019347923936 0.0 0.0
18255 0.0 1257.0093983430095 0.0 0.0
18256 582.6327922177551 1880.1524460523876 0.0 0.0
18257 446.80428851054836 1662.11195325924 0.0 0.0
18258 212.08310227967362 2105.341807461704 0.0 0.0
18259 464.6764600509703 1604.92100432989 0.0 0.0
18260 499.2293250291194 1266.5412231645678 0.0 0.0
18261 455.14463522941196 1366.6253837909308 0.0 0.0
18262 438.4639417916848 1038.9689055498618 0.0 0.0
18263 502.80375933720376 1402.3697268717744 0.0 0.0
18264 0.0 1751.4728109613498 0.0 0.0
18265 156.08363145301823 1523.9004933466438 0.0 0.0
18266 0.0 1572.7510955571304 0.0 0.0
18267 0.0 1212.9247085433021 0.0 0.0
18268 451.57020092132757 1215.3076647486916 0.0 0.0
18269 405.10255491623053 1398.79529256369 0.0 0.0
18270 0.0 787.56702588126 0.0 0.0
18271 0.0 919.8210952803822 0.0 0.0
18272 407.4855111216201 1011.5649091878815 0.0 0.0
18273 469.4423724617495 1222.4565333648604 0.0 0.0
18274 198.97684315003087 1100.925766889991 0.0 0.0
18275 2.382956205389591 1473.8584130334623 0.0 0.0
18276 102.46711683175243 1119.989416533108 0.0 0.0
18277 1.1914781026947956 1005.6075186744075 0.0 0.0
18278 341.95421547340635 1419.0504203095018 0.0 0.0
18279 517.1014965695414 955.5654383612261 0.0 0.0
18280 697.0146900764555 1229.6054019810292 0.0 0.0
18281 243.06153294973834 1566.7937050436562 0.0 0.0
18282 1029.4370807283035 617.1856571959041 0.0 0.0
18283 717.269817822267 951.9910040531418 0.0 0.0
18284 498.0378469264246 1447.6458947741767 0.0 0.0
18285 458.71906953749635 813.7795441405455 0.0 0.0
18286 587.3987046285342 1146.2019347923936 0.0 0.0
18287 403.9110768135357 1061.606989501063 0.0 0.0
18288 0.0 1187.9036683867114 0.0 0.0
18289 0.0 1208.1587961325229 0.0 0.0
18290 296.67804757100413 898.374489431876 0.0 0.0
18291 2.382956205389591 1091.3939420684328 0.0 0.0
18292 0.0 769.694854340838 0.0 0.0
18293 0.0 744.6738141842474 0.0 0.0
18294 0.0 997.267171955544 0.0 0.0
18295 0.0 576.6754017042812 0.0 0.0
18296 462.29350384558074 650.5470440713584 0.0 0.0
18297 120.33928837217437 1226.0309676729448 0.0 0.0
18298 413.44290163509413 564.7606206773331 0.0 0.0
18299 126.29667888564835 856.6727558375582 0.0 0.0
18300 0.0 1284.4133947049897 0.0 0.0
18301 0.0 1046.1177741660306 0.0 0.0
18302 0.0 1046.1177741660306 0.0 0.0
18303 0.0 912.6722266642136 0.0 0.0
18304 386.0389052731138 1469.092500622683 154.89215335032344 0.0
18305 668.4192156117804 1349.9446903532034 444.4213323051588 0.0
18306 5.957390513473978 1142.6275004843092 2.382956205389591 0.0
