zenodo/iron_goodz_density_hpix_nest_nside64.ecsv
# %ECSV 1.0
# ---
# datatype:
# - {name: healpix_number, datatype: int64}
# - {name: main_bright, datatype: float64}
# - {name: main_dark, datatype: float64}
# - {name: main_backup, datatype: float64}
# - {name: sv, datatype: float64}
# meta: !!omap
# - {HPXNSIDE: 64}
# - {HPXNEST: true}
# schema: astropy-2.0
healpix_number main_bright main_dark main_backup sv
[from data line 8986]
17377 445.6128104078536 549.2714053423008 0.0 0.0
17378 462.29350384558074 397.95368630006175 0.0 0.0
17379 223.9978833066216 683.9084309468127 0.0 0.0
17380 417.01733594317847 1203.3928837217436 0.0 0.0
17381 450.37872281863275 900.7574456372655 0.0 0.0
17382 322.89056583028963 1006.7989967771024 0.0 0.0
17383 511.14410605606736 822.119890859409 0.0 0.0
17384 390.80481768389296 550.4628834449956 0.0 0.0
17385 515.9100184668465 767.3118981354485 0.0 0.0
17386 663.6533032010012 891.2256208157072 0.0 0.0
17387 928.1614419992459 880.502317891454 0.0 0.0
17388 287.14622274944577 708.9294711034034 0.0 0.0
17389 204.93423366350487 620.7600915039885 0.0 0.0
17390 857.8642339402529 689.8658214602867 0.0 0.0
17391 116.76485406408997 247.82744536051752 0.0 0.0
17392 473.01680676983386 577.8668798069759 0.0 0.0
17393 229.95527382009556 216.8490146904528 0.0 0.0
17394 500.4208031318142 832.8431937836622 0.0 0.0
17395 299.0610037763937 282.38031033866656 0.0 0.0
17396 16.68069343772714 222.8064052039268 0.0 0.0
17397 158.46658765840783 550.4628834449956 0.0 0.0
17398 177.53023730152455 114.38189785870038 0.0 0.0
17399 806.6306755243767 742.2908579788577 0.0 0.0
17400 283.5717884413614 601.6964418608718 0.0 0.0
17401 39.31877738892826 134.6370256045119 0.0 0.0
17402 32.169908772759484 89.36085770210968 0.0 0.0
17403 169.18989058266098 661.2703469956116 0.0 0.0
17404 162.04102196649222 608.8453104770406 0.0 0.0
17405 724.4186864384358 699.397646281845 0.0 0.0
17406 263.31666069554984 899.5659675345707 0.0 0.0
17407 660.0788688929168 937.6932668208042 0.0 0.0
17408 527.8247994937944 483.74010969408704 0.0 0.0
17409 458.71906953749635 408.6769892243149 0.0 0.0
17410 464.6764600509703 409.86846732700974 0.0 0.0
17411 469.4423724617495 445.6128104078536 0.0 0.0
17412 58.38242703204499 332.422390651848 0.0 0.0
17413 0.0 475.3997629752235 0.0 0.0
17414 284.7632665440562 283.5717884413614 0.0 0.0
17415 0.0 235.91266433356955 0.0 0.0
17416 564.7606206773331 482.5486315913923 0.0 0.0
17417 775.652244854312 490.8889783102558 0.0 0.0
17418 512.3355841587621 283.5717884413614 0.0 0.0
17419 841.1835405025257 140.5944161179859 0.0 0.0
17420 418.2088140458733 233.52970812817995 0.0 0.0
17421 1.1914781026947956 0.0 0.0 0.0
17422 742.2908579788577 4.765912410779182 0.0 0.0
17423 289.52917895483534 0.0 0.0 0.0
17424 0.0 471.8253286671391 0.0 0.0
17425 16.68069343772714 372.93264614347106 0.0 0.0
17426 0.0 319.31613152220524 0.0 0.0
17427 0.0 104.85007303714202 0.0 0.0
17428 9.531824821558365 451.57020092132757 0.0 0.0
17429 0.0 425.35768266204207 0.0 0.0
17430 0.0 642.2066973524949 0.0 0.0
17431 0.0 810.2051098324611 0.0 0.0
17432 3.574434308084387 244.25301105243312 0.0 0.0
17433 55.9994708266554 656.5044345848324 0.0 0.0
17434 417.01733594317847 391.9962957865878 0.0 0.0
17435 519.4844527749309 533.7821900072685 0.0 0.0
17436 0.0 875.7364054806749 0.0 0.0
17437 0.0 642.2066973524949 0.0 0.0
17438 330.0394344464584 878.1193616860644 0.0 0.0
17439 4.765912410779182 654.1214783794428 0.0 0.0
17440 443.229854202464 417.01733594317847 0.0 0.0
17441 924.5870076911615 61.95686134012938 0.0 0.0
17442 109.6159854479212 449.187244715938 0.0 0.0
17443 862.6301463510321 139.40293801529108 0.0 0.0
17444 844.7579748106101 0.0 0.0 0.0
17445 770.8863324435329 33.36138687545428 0.0 0.0
17446 828.077281372883 195.40240884194648 0.0 0.0
17447 586.2072265258395 452.7616790240224 0.0 0.0
17448 0.0 313.3587410087313 0.0 0.0
17449 139.40293801529108 2.382956205389591 0.0 0.0
17451 0.0 61.95686134012938 0.0 0.0
17452 378.89003665694503 328.8479563437636 0.0 0.0
17453 277.6143979278874 446.80428851054836 0.0 0.0
17454 0.0 187.0620621230829 0.0 0.0
17455 0.0 474.2082848725287 0.0 0.0
17456 545.6969710342164 257.3592701820759 0.0 0.0
17457 445.6128104078536 456.3361133321068 0.0 0.0
17458 539.7395805207425 442.0383760997692 0.0 0.0
17459 461.1020257428859 225.18936140931638 0.0 0.0
17460 483.74010969408704 638.6322630444105 0.0 0.0
17461 100.08416062636284 537.3566243153529 0.0 0.0
17462 502.80375933720376 171.57284678805058 0.0 0.0
17463 69.10572995629815 306.2098723925625 0.0 0.0
17464 17.872171540421935 420.59177025126286 0.0 0.0
17465 176.33875919882976 307.4013504952573 0.0 0.0
17466 0.0 483.74010969408704 0.0 0.0
17467 77.44607667516172 269.2740512090238 0.0 0.0
17468 81.02051098324611 0.0 0.0 0.0
17469 0.0 362.2093432192179 0.0 0.0
17470 283.5717884413614 22.638083951201118 0.0 0.0
17471 146.55180663145987 301.44395998178334 0.0 0.0
17472 275.2314417224978 453.95315712671714 0.0 0.0
17473 488.50602210486625 132.25406939912233 0.0 0.0
17474 47.659124107791826 583.8242703204498 0.0 0.0
17475 366.9752556299971 117.95633216678478 0.0 0.0
17476 532.5907119045737 0.0 0.0 0.0
17477 901.9489237399604 357.44343080843873 0.0 0.0
17478 446.80428851054836 0.0 0.0 0.0
17479 295.4865694683093 270.4655293117186 0.0 0.0
17480 0.0 507.56967174798297 0.0 0.0
17481 1.1914781026947956 0.0 0.0 0.0
17482 0.0 468.2508943590547 0.0 0.0
17483 0.0 11.914781026947956 0.0 0.0
17484 11.914781026947956 212.08310227967362 0.0 0.0
17485 0.0 436.08098558629524 0.0 0.0
17486 0.0 418.2088140458733 0.0 0.0
17487 0.0 426.5491607647369 0.0 0.0
17488 457.52759143480154 772.0778105462276 0.0 0.0
17489 440.8468979970744 888.8426646103176 0.0 0.0
17490 222.8064052039268 772.0778105462276 0.0 0.0
17491 103.65859493444722 844.7579748106101 0.0 0.0
17492 0.0 681.5254747414232 0.0 0.0
17493 0.0 583.8242703204498 0.0 0.0
17494 187.0620621230829 795.9073726001235 0.0 0.0
17495 50.04208031318142 676.7595623306439 0.0 20.255127745811528
17496 1.1914781026947956 546.8884491369113 0.0 0.0
17497 428.93211697012646 607.6538323743458 0.0 0.0
17498 0.0 450.37872281863275 0.0 0.0
17499 475.3997629752235 201.35979935542048 0.0 0.0
17500 509.95262795337254 417.01733594317847 0.0 0.0
17501 469.4423724617495 477.78271918061307 0.0 299.0610037763937
17502 436.08098558629524 415.8258578404837 0.0 0.0
17503 483.74010969408704 588.5901827312291 0.0 352.6775183976595
17504 0.0 279.997354133277 0.0 0.0
17505 0.0 88.16937959941488 0.0 0.0
17506 0.0 779.2266791623964 0.0 0.0
17507 0.0 905.5233580480448 0.0 0.0
17508 0.0 351.4860402949647 0.0 0.0
17509 0.0 465.86793815366514 0.0 0.0
17510 0.0 518.2929746722361 0.0 0.0
17511 0.0 278.80587603058217 0.0 0.0
17512 0.0 822.119890859409 0.0 0.0
17513 0.0 769.694854340838 0.0 0.0
17514 0.0 706.5465148980138 0.0 0.0
17515 0.0 823.3113689621039 0.0 0.0
17516 0.0 576.6754017042812 0.0 0.0
17517 0.0 272.8484855171082 0.0 0.0
17518 0.0 630.2919163255469 0.0 0.0
17519 0.0 282.38031033866656 0.0 0.0
17520 0.0 473.01680676983386 0.0 0.0
17521 183.48762781499855 357.44343080843873 0.0 0.0
17522 0.0 331.23091254915323 0.0 0.0
17523 0.0 391.9962957865878 0.0 0.0
17524 481.35715348869746 739.9079017734681 0.0 0.0
17525 490.8889783102558 875.7364054806749 0.0 84.59494529133049
17526 28.595474464675096 956.7569164639209 0.0 0.0
17527 357.44343080843873 839.992062399831 0.0 0.0
17528 0.0 674.3766061252544 0.0 0.0
17529 0.0 913.8637047669083 0.0 0.0
17530 0.0 654.1214783794428 0.0 0.0
17531 2.382956205389591 818.5454565513246 0.0 0.0
17532 111.9989416533108 1003.224562469018 0.0 0.0
17533 514.7185403641517 915.0551828696031 0.0 0.0
17534 73.87164236707733 850.7153653240841 0.0 0.0
17535 493.2719345156454 598.1220075527874 0.0 0.0
17536 0.0 181.10467160960894 0.0 0.0
17537 0.0 492.08045641295064 0.0 0.0
17538 0.0 254.97631397668627 0.0 0.0
17539 0.0 455.14463522941196 0.0 0.0
17540 0.0 488.50602210486625 0.0 0.0
17541 0.0 221.614927101232 0.0 0.0
17542 0.0 400.3366425054514 0.0 0.0
17543 0.0 374.1241242461658 0.0 0.0
17544 0.0 86.97790149672008 0.0 0.0
17545 0.0 447.9957666132432 0.0 0.0
17546 0.0 244.25301105243312 0.0 0.0
17547 0.0 32.169908772759484 0.0 0.0
17548 0.0 457.52759143480154 0.0 0.0
17549 0.0 459.9105476401911 0.0 0.0
17550 0.0 113.1904197560056 0.0 0.0
17551 0.0 406.29403301892535 0.0 0.0
17552 0.0 160.8495438637974 0.0 0.0
17553 413.44290163509413 17.872171540421935 0.0 0.0
17555 394.37925199197736 0.0 0.0 0.0
17556 502.80375933720376 355.0604746030491 0.0 0.0
17557 494.4634126183402 483.74010969408704 0.0 0.0
17558 449.187244715938 422.9747264566525 0.0 0.0
17559 470.6338505644443 400.3366425054514 0.0 0.0
17560 0.0 471.8253286671391 0.0 0.0
17561 72.68016426438254 511.14410605606736 0.0 0.0
17562 0.0 793.524416394734 0.0 0.0
17563 0.0 838.8005842971362 0.0 0.0
17564 400.3366425054514 253.78483587399148 0.0 0.0
17565 440.8468979970744 425.35768266204207 0.0 0.0
17566 0.0 489.697500207561 0.0 0.0
17567 0.0 152.50919714493384 0.0 0.0
17568 0.0 413.44290163509413 0.0 0.0
17570 0.0 245.4444891551279 0.0 0.0
17571 0.0 3.574434308084387 0.0 0.0
17573 0.0 332.422390651848 0.0 0.0
17575 0.0 33.36138687545428 0.0 0.0
17576 0.0 444.4213323051588 0.0 0.0
17577 0.0 406.29403301892535 0.0 0.0
17578 0.0 424.16620455934725 0.0 0.0
17579 0.0 434.8895074836004 0.0 0.0
17580 0.0 55.9994708266554 0.0 0.0
17581 0.0 122.72224457756396 0.0 0.0
17582 0.0 322.89056583028963 0.0 0.0
17583 0.0 470.6338505644443 0.0 0.0
17584 0.0 794.7158944974287 0.0 0.0
17585 0.0 854.2897996321685 0.0 0.0
17586 0.0 324.08204393298445 0.0 0.0
17587 0.0 947.2250916423626 0.0 0.0
17588 0.0 764.9289419300588 0.0 0.0
17589 101.27563872905763 299.0610037763937 0.0 0.0
17590 0.0 1060.4155113983682 0.0 0.0
17591 35.74434308084387 550.4628834449956 0.0 0.0
17592 0.0 287.14622274944577 0.0 0.0
17593 0.0 893.6085770210967 0.0 0.0
17594 0.0 527.8247994937944 0.0 0.0
17595 0.0 959.1398726693105 0.0 0.0
17596 0.0 875.7364054806749 0.0 0.0
17597 0.0 1025.862646420219 0.0 0.0
17598 0.0 898.374489431876 0.0 0.0
17599 0.0 1284.4133947049897 0.0 0.0
17600 153.70067524762865 461.1020257428859 0.0 0.0
17601 0.0 513.527062261457 0.0 0.0
17602 312.16726290603646 495.65489072103503 0.0 0.0
17603 0.0 764.9289419300588 0.0 0.0
17604 0.0 668.4192156117804 0.0 0.0
17605 0.0 411.0599454297045 0.0 0.0
17606 0.0 875.7364054806749 0.0 0.0
17607 0.0 783.9925915731756 0.0 0.0
17608 90.55233580480447 469.4423724617495 0.0 0.0
17609 0.0 611.2282666824302 0.0 0.0
17610 332.422390651848 40.510255491623056 0.0 0.0
17611 417.01733594317847 375.31560234886064 0.0 0.0
17612 0.0 996.0756938528492 0.0 0.0
17613 36.935821183538664 1042.5433398579462 0.0 0.0
17614 189.44501832847251 1259.392354548399 0.0 0.0
17615 474.2082848725287 1154.542281511257 0.0 0.0
17616 16.68069343772714 382.4644709650294 0.0 0.0
17617 412.2514235323993 763.7374638273641 0.0 0.0
17618 83.4034671886357 400.3366425054514 0.0 0.0
17619 489.697500207561 85.78642339402529 0.0 0.0
17620 500.4208031318142 835.2261499890518 0.0 0.0
17621 387.23038337580863 333.6138687545428 0.0 0.0
17622 447.9957666132432 185.87058402038812 0.0 0.0
17623 482.5486315913923 489.697500207561 0.0 0.0
17624 153.70067524762865 668.4192156117804 0.0 0.0
17625 427.74063886743164 97.70120442097324 0.0 0.0
17626 512.3355841587621 708.9294711034034 0.0 0.0
17627 419.4002921485681 82.2119890859409 0.0 0.0
17628 473.01680676983386 169.18989058266098 0.0 0.0
17629 506.37819364528815 368.16673373269185 0.0 0.0
17630 225.18936140931638 490.8889783102558 0.0 0.0
17631 375.31560234886064 797.0988507028184 0.0 0.0
17632 487.31454400217143 154.89215335032344 0.0 0.0
17633 464.6764600509703 795.9073726001235 0.0 0.0
17634 464.6764600509703 580.2498360123654 0.0 0.0
17635 431.31507317551603 1189.095146489406 0.0 0.0
17636 490.8889783102558 1166.457062538205 0.0 0.0
17637 544.5054929315216 862.6301463510321 0.0 0.0
17638 487.31454400217143 1111.6490698142443 0.0 0.0
17639 363.4008213219127 1145.0104566896987 0.0 0.0
17640 85.78642339402529 1314.2003472723597 0.0 0.0
17641 291.9121351602249 1181.9462778732372 0.0 0.0
17642 0.0 1099.7342887872965 0.0 0.0
17643 169.18989058266098 1034.2029931390828 0.0 0.0
17644 351.4860402949647 1080.6706391441796 0.0 0.0
17645 169.18989058266098 718.4612959249619 0.0 0.0
17646 511.14410605606736 893.6085770210967 0.0 0.0
17647 664.844781303696 320.50760962490006 0.0 0.0
17648 425.35768266204207 484.93158779678186 0.0 0.0
17649 500.4208031318142 278.80587603058217 0.0 0.0
17650 501.612281234509 507.56967174798297 0.0 0.0
17651 496.8463688237298 333.6138687545428 0.0 0.0
17652 300.2524818790885 362.2093432192179 0.0 0.0
17653 422.9747264566525 492.08045641295064 20.255127745811528 0.0
17654 198.97684315003087 859.0557120429477 0.0 0.0
17655 445.6128104078536 673.1851280225595 332.422390651848 0.0
17656 548.079927239606 21.446605848506323 0.0 0.0
17657 860.2471901456425 512.3355841587621 0.0 0.0
17658 985.352390928596 150.12624093954426 0.0 0.0
17659 1341.60434363434 705.355036795319 0.0 0.0
17660 526.6333213910997 890.0341427130123 0.0 0.0
17661 372.93264614347106 744.6738141842474 370.5496899380815 0.0
17662 1322.5406939912232 1185.5207121813216 0.0 0.0
17663 843.5664967079153 1279.6474822942105 120.33928837217437 0.0
17664 0.0 865.0131025564217 0.0 0.0
17665 71.48868616168774 705.355036795319 0.0 1.1914781026947956
17666 0.0 417.01733594317847 0.0 144.1688504260703
17667 51.23355841587622 495.65489072103503 0.0 53.61651462126581
17668 648.1640878659689 722.0357302330461 0.0 363.4008213219127
17669 1061.606989501063 1469.092500622683 0.0 330.0394344464584
17670 779.2266791623964 810.2051098324611 0.0 152.50919714493384
17671 1311.81739106697 1460.7521539038196 0.0 160.8495438637974
17672 75.06312046977213 471.8253286671391 0.0 446.80428851054836
17673 235.91266433356955 490.8889783102558 0.0 438.4639417916848
17674 380.08151475963984 449.187244715938 0.0 483.74010969408704
17675 533.7821900072685 338.37978116532196 0.0 697.0146900764555
17676 731.5675550546046 400.3366425054514 0.0 97.70120442097324
17677 1305.860000553496 1240.3287049052824 0.0 58.38242703204499
17678 671.9936499198648 579.0583579096707 0.0 426.5491607647369
17679 783.9925915731756 936.5017887181094 0.0 0.0
17680 1016.3308215986607 1367.8168618936254 0.0 412.2514235323993
17681 909.0977923561292 797.0988507028184 0.0 542.122536726132
17682 1343.9872998397295 1552.4959678113187 0.0 791.1414601893443
17683 1143.8189785870038 1335.6469531208659 0.0 960.3313507720054
17684 968.671697490869 467.0594162563599 0.0 271.65700741441344
17685 1140.2445442789194 447.9957666132432 0.0 5.957390513473978
17686 1118.797938430413 355.0604746030491 0.0 810.2051098324611
17687 1221.2650552621656 793.524416394734 0.0 637.4407849417157
17688 1217.6906209540812 1557.261880222098 0.0 513.527062261457
17689 972.2461317989533 1519.1345809358645 0.0 783.9925915731756
17690 606.4623542716511 1286.7963509103793 0.0 60.765383237434584
17691 872.1619711725905 1598.9636138164158 0.0 536.1651462126581
17692 1165.2655844355102 1063.9899457064525 0.0 748.2482484923316
17693 1749.08985475596 886.459708404928 0.0 977.0120442097325
17694 942.4591792315834 1265.3497450618731 0.0 774.4607667516173
17695 1489.3476283684947 973.4376099016481 0.0 554.03731775308
17696 206.12571176619966 878.1193616860644 0.0 484.93158779678186
17697 737.5249455680786 824.5028470647986 0.0 748.2482484923316
17698 408.6769892243149 1010.3734310851868 0.0 346.72012788418556
17699 631.4833944282417 1021.09673400944 0.0 422.9747264566525
17700 909.0977923561292 1314.2003472723597 0.0 513.527062261457
17701 975.8205661070376 1161.6911501274258 0.0 134.6370256045119
17702 894.8000551237916 1174.7974092570685 0.0 438.4639417916848
17703 701.7806024872347 1085.436551554959 0.0 246.6359672578227
17704 480.16567538600265 550.4628834449956 0.0 28.595474464675096
17705 525.4418432884049 580.2498360123654 0.0 204.93423366350487
17706 493.2719345156454 313.3587410087313 0.0 91.74381390749927
17707 518.2929746722361 332.422390651848 0.0 390.80481768389296
17708 480.16567538600265 906.7148361507395 0.0 296.67804757100413
17709 478.9741972833079 986.5438690312908 0.0 44.08468979970744
17710 100.08416062636284 153.70067524762865 0.0 340.7627373707116
17711 307.4013504952573 272.8484855171082 0.0 42.893211697012646
17712 813.7795441405455 1005.6075186744075 0.0 0.0
17713 972.2461317989533 1116.4149822250236 0.0 0.0
17714 1023.4796902148295 1025.862646420219 0.0 0.0
