zenodo/iron_goodz_density_hpix_nest_nside64.ecsv
# %ECSV 1.0
# ---
# datatype:
# - {name: healpix_number, datatype: int64}
# - {name: main_bright, datatype: float64}
# - {name: main_dark, datatype: float64}
# - {name: main_backup, datatype: float64}
# - {name: sv, datatype: float64}
# meta: !!omap
# - {HPXNSIDE: 64}
# - {HPXNEST: true}
# schema: astropy-2.0
healpix_number main_bright main_dark main_backup sv
[from data line 14097]
26709 588.5901827312291 0.0 162.04102196649222 0.0
26710 449.187244715938 358.6349089111335 0.0 0.0
26711 782.8011134704808 387.23038337580863 0.0 0.0
26713 258.5507482847707 372.93264614347106 0.0 0.0
26714 109.6159854479212 0.0 0.0 0.0
26715 804.247719318987 372.93264614347106 0.0 0.0
26716 741.099379876163 959.1398726693105 0.0 0.0
26717 1116.4149822250236 1016.3308215986607 0.0 0.0
26718 1060.4155113983682 818.5454565513246 123.91372268025876 0.0
26719 1262.9667888564834 1003.224562469018 276.4229198251926 0.0
26723 210.89162417697884 219.2319708958424 0.0 0.0
26724 145.36032852876508 0.0 0.0 0.0
26725 509.95262795337254 57.19094892935019 0.0 0.0
26726 732.7590331572993 486.12306589947667 0.0 0.0
26727 825.6943251674934 480.16567538600265 0.0 0.0
26728 218.04049279314762 191.82797453386212 0.0 0.0
26729 639.8237411471052 855.4812777348633 0.0 0.0
26730 762.5459857246692 260.93370449016027 0.0 0.0
26731 1150.9678472031726 948.4165697450574 0.0 0.0
26732 1119.989416533108 1050.8836865768099 0.0 0.0
26733 1498.879453190053 1397.6038144609954 0.0 0.0
26734 1535.8152743735916 1354.7106027639827 0.0 0.0
26735 1564.4107488382667 1552.4959678113187 0.0 0.0
26736 792.3329382920391 277.6143979278874 0.0 0.0
26737 817.3539784486298 283.5717884413614 2.382956205389591 0.0
26738 1221.2650552621656 537.3566243153529 0.0 0.0
26739 1248.6690516241458 473.01680676983386 0.0 0.0
26740 1389.2634677421318 573.1009673961968 447.9957666132432 0.0
26741 1566.7937050436562 1134.2871537654455 492.08045641295064 0.0
26742 1665.6863875673243 669.6106937144751 439.65541989437963 0.0
26743 1601.3465700218055 904.3318799453499 420.59177025126286 0.0
26744 1688.3244715185256 1048.50073037142 0.0 0.0
26745 1520.3260590385594 901.9489237399604 0.0 0.0
26746 1582.2829203786887 1135.4786318681404 0.0 0.0
26747 1484.5817159577155 1440.4970261580079 0.0 0.0
26748 1551.304489708624 1246.2860954187563 91.74381390749927 0.0
26749 1627.559088281091 1446.454416671482 383.65594906772424 0.0
26750 1504.836843703527 1262.9667888564834 0.0 0.0
26751 1510.7942342170008 1799.1319350691415 0.0 0.0
26762 0.0 0.0 5.957390513473978 0.0
26773 109.6159854479212 139.40293801529108 0.0 0.0
26775 13.106259129642753 210.89162417697884 0.0 0.0
26779 0.0 125.10520078295355 0.0 0.0
26781 216.8490146904528 320.50760962490006 0.0 0.0
26782 20.255127745811528 443.229854202464 0.0 0.0
26783 621.9515696066834 633.8663506336313 0.0 0.0
26791 200.1683212527257 169.18989058266098 0.0 0.0
26795 2.382956205389591 2.382956205389591 0.0 0.0
26796 162.04102196649222 147.74328473415466 0.0 0.0
26797 629.1004382228522 768.5033762381432 0.0 0.0
26798 636.2493068390208 552.8458396503852 0.0 0.0
26799 1147.3934128950882 1334.4554750181712 0.0 0.0
26800 171.57284678805058 154.89215335032344 0.0 0.0
26801 403.9110768135357 664.844781303696 0.0 0.0
26802 615.9941790932094 583.8242703204498 0.0 0.0
26803 767.3118981354485 911.4807485615187 0.0 0.0
26804 513.527062261457 916.246660972298 0.0 0.0
26805 798.2903288055131 1123.5638508411923 0.0 0.0
26806 1083.0535953495694 1662.11195325924 0.0 0.0
26807 1094.9683763765172 1696.664818237389 0.0 0.0
26808 1060.4155113983682 1373.7742524070995 0.0 0.0
26809 1290.3707852184637 1273.6900917807366 0.0 0.0
26810 1380.9231210232683 1646.6227379242077 0.0 0.0
26811 1577.5170079679094 1571.5596174544355 0.0 0.0
26812 1299.9026100400222 1632.3250006918702 0.0 0.0
26813 1351.1361684558983 1731.217683215538 0.0 0.0
26814 1597.7721357137211 1558.4533583247928 0.0 0.0
26815 1602.5380481245002 1806.2808036853103 0.0 0.0
26816 548.079927239606 362.2093432192179 0.0 0.0
26817 1243.9031392133668 849.5238872213894 0.0 0.0
26818 644.5896535578845 461.1020257428859 0.0 0.0
26819 1266.5412231645678 682.7169528441179 0.0 0.0
26820 1588.2403108921626 1189.095146489406 0.0 0.0
26821 1476.2413692388518 1333.2639969154764 0.0 0.0
26822 1784.834197836804 957.9483945666158 0.0 0.0
26823 1537.0067524762865 1265.3497450618731 0.0 0.0
26824 768.5033762381432 789.9499820866496 0.0 0.0
26825 1183.1377559759321 928.1614419992459 0.0 0.0
26826 862.6301463510321 1031.820036933693 0.0 0.0
26827 1279.6474822942105 940.0762230261938 0.0 0.0
26828 1498.879453190053 1259.392354548399 0.0 0.0
26829 1615.6443072541429 1420.2418984121964 0.0 0.0
26830 1744.323942345181 1249.8605297268407 0.0 0.0
26831 1687.1329934158307 1832.493321944596 0.0 0.0
26832 1708.579599264337 1209.3502742352177 0.0 0.0
26833 1598.9636138164158 1329.689562607392 0.0 0.0
26834 1603.729526227195 1621.601697767617 0.0 0.0
26835 1484.5817159577155 1258.2008764457044 0.0 0.0
26836 1567.9851831463511 1560.8363145301823 0.0 0.0
26837 1528.6664057574228 1762.196113885603 0.0 0.0
26838 1583.4743984813836 1432.1566794391445 0.0 0.0
26839 1537.0067524762865 1914.7053110305367 0.0 0.0
26840 1513.1771904223906 1818.1955847122583 0.0 0.0
26841 1490.5391064711894 1647.8142160269024 0.0 0.0
26842 1588.2403108921626 2220.9151834230993 0.0 0.0
26843 1417.858942206807 2188.7452746503395 0.0 0.0
26844 1694.2818620319995 1812.2381941987842 0.0 0.0
26845 1515.5601466277801 1822.9614971230374 0.0 0.0
26846 1614.4528291514482 2092.235548332061 0.0 0.0
26847 1548.9215335032345 2193.511187061119 0.0 0.0
26848 1426.1992889256705 1373.7742524070995 0.0 0.0
26849 1503.645365600832 1571.5596174544355 0.0 0.0
26850 1576.3255298652148 1969.5133037544972 0.0 0.0
26851 1670.4522999781036 2228.064052039268 0.0 0.0
26852 1557.261880222098 1689.5159496212202 0.0 0.0
26853 1562.0277926328772 1943.3007854952118 0.0 0.0
26854 1556.070402119403 2122.022500899431 0.0 0.0
26855 1473.8584130334623 1926.6200920574847 0.0 0.0
26856 1597.7721357137211 2220.9151834230993 0.0 0.0
26857 1644.239781718818 2474.700019297091 0.0 0.0
26858 1447.6458947741767 2104.150329359009 0.0 0.0
26859 1556.070402119403 2107.7247636670936 2.382956205389591 0.0
26860 1660.9204751565453 2593.8478295665705 0.0 0.0
26861 1448.8373728768715 2226.872573936573 0.0 0.0
26862 1719.3029021885902 2355.5522090276113 343.14569357610117 0.0
26863 1552.4959678113187 2356.7436871303057 422.9747264566525 146.55180663145987
26864 1628.7505663837858 1994.534343911088 0.0 0.0
26865 1463.135110109209 2135.128760029074 0.0 0.0
26866 1654.9630846430712 2210.191880498846 0.0 0.0
26867 1510.7942342170008 2347.2118623087476 0.0 0.0
26868 1504.836843703527 2384.147683492286 0.0 0.0
26869 1633.5164787945648 2379.381771081507 0.0 0.0
26870 1564.4107488382667 2200.660055677288 0.0 0.0
26871 1610.8783948433638 2312.6589973305986 0.0 0.0
26872 1646.6227379242077 2267.382829428196 0.0 0.0
26873 1669.2608218754087 2371.0414243626433 0.0 0.0
26874 1510.7942342170008 2299.552738200956 167.9984124799662 210.89162417697884
26875 1560.8363145301823 2330.5311688710203 0.0 29.78695256736989
26876 1646.6227379242077 2580.7415704369273 0.0 0.0
26877 1458.3691976984298 2166.1071906991388 0.0 0.0
26878 1452.411807184956 2347.2118623087476 39.31877738892826 0.0
26879 1622.7931758703116 2363.8925557464745 27.4039963619803 0.0
26880 834.0346718863569 0.0 293.10361326291974 0.0
26881 782.8011134704808 276.4229198251926 115.57337596139519 0.0
26882 968.671697490869 50.04208031318142 0.0 0.0
26883 998.4586500582388 190.6364964311673 0.0 0.0
26884 1058.0325551929786 506.37819364528815 0.0 0.0
26885 1346.370256045119 783.9925915731756 0.0 0.0
26886 1148.584890997783 724.4186864384358 0.0 0.0
26887 1460.7521539038196 878.1193616860644 3.574434308084387 0.0
26888 1164.0741063328153 959.1398726693105 0.0 0.0
26889 1220.0735771594707 422.9747264566525 0.0 0.0
26890 1398.79529256369 1041.3518617552515 139.40293801529108 0.0
26891 1187.9036683867114 581.4413141150603 0.0 0.0
26892 1099.7342887872965 712.5039054114878 0.0 0.0
26893 1293.945219526548 774.4607667516173 125.10520078295355 0.0
26894 1216.4991428513863 675.5680842279492 0.0 0.0
26895 1445.2629385687871 934.1188325127198 95.31824821558365 0.0
26896 1603.729526227195 760.1630295192797 0.0 0.0
26897 1488.1561502657999 835.2261499890518 0.0 0.0
26898 1577.5170079679094 824.5028470647986 213.27458038236844 0.0
26899 1511.9857123196957 664.844781303696 272.8484855171082 0.0
26900 1610.8783948433638 1613.2613510487533 440.8468979970744 0.0
26901 1525.0919714493384 2133.937281926379 401.52812060814614 0.0
26902 1349.9446903532034 1189.095146489406 184.67910591769333 0.0
26903 1590.6232670975523 2313.850475433293 425.35768266204207 0.0
26904 1672.8352561834931 913.8637047669083 493.2719345156454 0.0
26905 1517.9431028331696 874.54492737798 449.187244715938 0.0
26906 1629.9420444864804 1352.3276465585932 490.8889783102558 0.0
26907 1502.4538874981374 1733.6006394209278 395.5707300946722 0.0
26908 1570.3681393517406 1433.3481575418393 356.2519527057439 0.0
26909 1594.1977014056367 2124.405457104821 142.97737232337548 0.0
26910 1570.3681393517406 1690.707427723915 452.7616790240224 0.0
26911 1423.8163327202808 1826.5359314311218 356.2519527057439 0.0
26912 1563.2192707355719 1363.0509494828464 446.80428851054836 0.0
26913 1560.8363145301823 926.969963896551 115.57337596139519 0.0
26914 1516.751624730475 1672.8352561834931 464.6764600509703 0.0
26915 1433.3481575418393 1455.9862414930403 362.2093432192179 0.0
26916 1644.239781718818 1227.2224457756395 338.37978116532196 0.0
26917 1577.5170079679094 1546.5385772978448 378.89003665694503 0.0
26918 1612.0698729460585 1743.132464242486 477.78271918061307 0.0
26919 1513.1771904223906 1803.8978474799208 414.6343797377889 0.0
26920 1577.5170079679094 1515.5601466277801 374.1241242461658 0.0
26921 1501.2624093954425 1979.0451285760557 116.76485406408997 0.0
26922 1803.8978474799208 2108.9162417697885 0.0 0.0
26923 1609.686916740669 2247.1277016823847 0.0 0.0
26924 1587.048832789468 2285.2550009686183 461.1020257428859 0.0
26925 1591.814745200247 2598.6137419773495 426.5491607647369 0.0
26926 1458.3691976984298 2288.8294352767025 100.08416062636284 0.0
26927 1638.282391205344 2254.2765702985535 265.6996169009394 0.0
26928 1513.1771904223906 1728.8347270101485 318.1246534195104 0.0
26929 1629.9420444864804 1846.7910591769332 386.0389052731138 0.0
26930 1598.9636138164158 2125.5969352075153 417.01733594317847 0.0
26931 1701.4307306481683 2349.594818514137 190.6364964311673 0.0
26932 1440.4970261580079 1813.429672301479 321.6990877275948 0.0
26933 1590.6232670975523 2210.191880498846 203.74275556081005 0.0
26934 1576.3255298652148 2454.444891551279 480.16567538600265 0.0
26935 1606.1124824325846 2361.509599541085 432.50655127821085 0.0
26936 1694.2818620319995 2602.1881762854337 468.2508943590547 0.0
26937 1544.1556210924552 2217.3407491150147 338.37978116532196 0.0
26938 1508.4112780116113 2299.552738200956 152.50919714493384 0.0
26939 1638.282391205344 2393.6795083138445 116.76485406408997 0.0
26940 1598.9636138164158 2347.2118623087476 437.27246368899 0.0
26941 1436.9225918499237 2306.7016068171247 396.762208197367 0.0
26942 1582.2829203786887 2299.552738200956 447.9957666132432 0.0
26943 1609.686916740669 2472.317063091701 438.4639417916848 0.0
26944 1533.432318168202 2097.00146074284 445.6128104078536 0.0
26945 1394.029380152911 1811.0467160960895 369.35821183538667 0.0
26946 1575.13405176252 2406.785767443487 390.80481768389296 0.0
26947 1511.9857123196957 1949.2581760086857 122.72224457756396 0.0
26948 1585.857354686773 2209.000402396151 473.01680676983386 0.0
26949 1637.0909131026492 2303.12717250904 425.35768266204207 27.4039963619803
26950 1578.7084860706043 2393.6795083138445 463.4849819482755 2.382956205389591
26951 1491.7305845738842 2491.3807127348177 420.59177025126286 408.6769892243149
26952 1476.2413692388518 2270.9572637362808 421.7832483539577 0.0
26953 1486.964672163105 2268.574307530891 355.0604746030491 0.0
26954 1550.1130116059292 2244.744745476995 447.9957666132432 0.0
26955 1465.5180663145986 2324.5737783575464 403.9110768135357 0.0
26956 1279.6474822942105 2082.703723510503 138.2114599125963 3.574434308084387
26957 1441.6885042607028 2266.1913513255013 275.2314417224978 418.2088140458733
26958 1447.6458947741767 2135.128760029074 289.52917895483534 0.0
26959 1576.3255298652148 2253.0850921958586 383.65594906772424 172.76432489074537
26960 1551.304489708624 2222.106661525794 419.4002921485681 150.12624093954426
26961 1607.3039605352794 2207.8089242934566 257.3592701820759 284.7632665440562
26962 1547.7300554005396 2293.5953476874815 459.9105476401911 475.3997629752235
26963 1287.9878290130741 2188.7452746503395 337.1883030626272 411.0599454297045
26964 1538.1982305789813 2349.594818514137 487.31454400217143 7153.634528579553
26965 1712.1540335724214 2471.1255849890063 461.1020257428859 7464.610313382896
26966 1448.8373728768715 2297.169781995566 427.74063886743164 2529.5080120210514
26967 1419.0504203095018 2371.0414243626433 365.7837775273023 6083.687192359626
26968 1410.710073590638 2224.4896177311834 265.6996169009394 399.14516440275656
26969 1316.5833034777493 2223.2981396284886 103.65859493444722 414.6343797377889
26970 1475.0498911361572 2244.744745476995 473.01680676983386 438.4639417916848
26971 1566.7937050436562 2348.4033404114425 396.762208197367 443.229854202464
26972 1502.4538874981374 2299.552738200956 390.80481768389296 207.31718986889445
26973 1537.0067524762865 2472.317063091701 418.2088140458733 288.3377008521406
26974 1385.6890334340474 2176.8304936233917 60.765383237434584 102.46711683175243
26975 1500.0709312927477 2305.51012871443 331.23091254915323 0.0
26976 1521.517537141254 2318.6163878440725 461.1020257428859 0.0
26977 1567.9851831463511 2459.2108039620584 426.5491607647369 0.0
26978 1394.029380152911 2218.5322272177095 208.50866797158923 0.0
26979 1619.2187415622273 2415.126114162351 308.59282859795206 0.0
26980 1453.6032852876508 2295.9783038928713 344.337171678796 0.0
26981 1459.5606758011247 2176.8304936233917 437.27246368899 0.0
26982 1343.9872998397295 2189.9367527530344 265.6996169009394 0.0
26983 1485.7731940604103 2398.4454207246235 265.6996169009394 0.0
26984 1471.4754568280728 2230.4470082446574 322.89056583028963 0.0
26985 1734.7921175236224 2316.2334316386828 421.7832483539577 0.0
26986 1501.2624093954425 2350.786296616832 334.80534685723757 0.0
26987 1575.13405176252 2268.574307530891 420.59177025126286 0.0
26988 1508.4112780116113 2329.3396907683255 463.4849819482755 0.0
26989 1572.7510955571304 2344.828906103358 414.6343797377889 0.0
26990 1621.601697767617 2410.360201751572 389.6133395811982 0.0
26991 1521.517537141254 2411.5516798542667 421.7832483539577 0.0
26992 1409.5185954879432 2267.382829428196 397.95368630006175 38.12729928623346
26993 1520.3260590385594 2322.1908221521567 420.59177025126286 36.935821183538664
26994 1579.8999641732992 2388.9135959030655 427.74063886743164 0.0
26995 1486.964672163105 2487.8062784267336 428.93211697012646 0.0
26996 1383.3060772286578 2205.425968088067 334.80534685723757 0.0
26997 1639.473869308039 2210.191880498846 457.52759143480154 0.0
26998 1397.6038144609954 2166.1071906991388 183.48762781499855 0.0
26999 1527.4749276547282 2217.3407491150147 440.8468979970744 0.0
27000 1532.2408400655072 2275.72317614706 109.6159854479212 0.0
27001 1576.3255298652148 2372.232902465338 362.2093432192179 0.0
27002 1458.3691976984298 2238.787354963521 340.7627373707116 0.0
27003 1628.7505663837858 2313.850475433293 420.59177025126286 0.0
27004 1452.411807184956 2206.6174461907617 337.1883030626272 0.0
27005 1071.1388143226213 2195.8941432665083 233.52970812817995 0.0
27006 1378.5401648178786 2268.574307530891 414.6343797377889 0.0
27007 1000.8416062636284 2228.064052039268 376.50708045155545 0.0
27008 1578.7084860706043 2104.150329359009 0.0 0.0
27009 1453.6032852876508 2218.5322272177095 0.0 0.0
27010 1597.7721357137211 2147.0435410560217 0.0 0.0
27011 1538.1982305789813 2374.615858670728 0.0 0.0
27012 1519.1345809358645 2217.3407491150147 0.0 0.0
27013 1542.9641429897604 2158.95832208297 0.0 0.0
27014 1583.4743984813836 2411.5516798542667 0.0 0.0
27015 1545.3470991951501 2311.4675192279037 0.0 0.0
27016 1532.2408400655072 2214.9577929096254 0.0 0.0
27017 1703.8136868535578 2309.084563022514 51.23355841587622 0.0
